$ANSIBLE_VAULT;1.1;AES256
63333636303530313532623562616665363264613864663038306638623534653964663537656237
3634346462393263313035363562363865333361373932660a646333326336646137383763343733
61623633353265386632666130663831613737346336656639666533623133653333656433666635
3630663266613165620a326366633264306433666538356137633138383639616533656239376266
35313562383566366438373939663137643361663364663665663665313161613738646637626365
66626137656536666631333738393637643166613735313631373334393430336332633330663163
30373431613262353462643535356132313836663463663434343865343666643232316436326639
37636433376336326532626162303164623531623561323465313335373930393632373763306639
34623465383064653737663334333636333432396662316539383164383361346538653833313662
39633230363261333631626436643135616539613862626366313630373133643464653935393365
61373464623636666430376161306265323563633163393062363065643363386638613233366331
37303639343564343238313936376134303539313662363263383132396234616263643938383563
31316137313130613566333033343966353865323830616463636232616232333262633530613831
35303461653439326335643963663738376361366461326435363965633035633064326430343539
64626532333938653536616662633338646534346663313333353830306665346432663036336337
62383939623464383734666533346231626334383261363463333863656234313138653331383537
31613439663234326134353238353266393864336335363464373539623966646562343064646464
66626130633837663562356530313163646430626339643931333637653166623933333932633366
31376334313263356331643566626134363931373763343832616131633363313963643837643535
62366661316235343463346465613137323637616532376438333163376466353065373363356262
30663834323532383862643166643834666239363565373930653962393064366333633030653431
39613839616338626339633837633164653333646130613562396563393564353565656166633331
33376131303732656263633436323837356437346561306235663736326635343335386633393665
63396435316137326638
