$ANSIBLE_VAULT;1.1;AES256
64646530643066386362393732383333313633323031633836303333383762343035343563656338
6566373531643833326362333334646335636133613464390a363732343539343431643765343536
62316437336537316562663631346539666232643262346131393264616531393732383237636331
6130643165393463330a376262303739383366623564633937316534343165663533393532646134
38303961663030373337316332396630323835323262386264356462313264616336636663346433
61633438336665636461376530363163323461313830323762613961323166656434663766653366
62616361363830643730623063393034383035633837353038613265656539643031663965333266
61386536623737353638363066366464646232393763313830356431326239393364623163306632
61666632316330393735376432366163373565653663663230633136613762346135613838336365
62303064626639353531323966353639633062306262303934623437663438376264636136316636
35363339316565323734346131313234383961656538363966376533303863376662373036656465
62643961383235616365313231313338656634623236326264366362363532306234663161376136
63346662356633383464356333653163663064666432656231633132323432666266353239343832
3337336532313532323236303236343537303661643438383962
