$ANSIBLE_VAULT;1.1;AES256
34353465383165393830383736333639313065313764646330613863323465366535393562333038
3831333364393461333237303663356137643733616461350a316265323436663362636337323931
62343338656464333564643164323964653330303065633962353163663830636139633930663665
3036333739653030340a643735353365333931643534383239656138303162623466343163666661
35613736343539373262323163343361616638313762643933333839333933366638373062646333
61613637363664653433663565366231616661326665396165633538373865636635373236613835
31636264303338336266663037393236666131373237343138343537356666313639363031653031
31373030373636663938343437653739623531373032396433363561613461373135383264643832
31633466663732313132363534363566376437303433383565396630346139313937633035643565
64316466643438613933356336386232636231623566303135613266313335653533303961376564
38396365663035353730343963383136653265323761336365623962356434333832383564643866
31626533653938373866656165316237343334636438643139396166306164663730386432666631
31386336393362303332643633303937303831363039393639376336336438656166656335323837
31623962356161643465303365343163393132323431653934636339656533666233386261613739
33616536633430323963366238643137663136613865363261616462623736333233336337373662
37333730636538373137393236363437303833356362326262363466353137653039363339383265
34633936343932373437373836336634623865623434646563343334666563373636313431643163
32333065313732653765333664653337623336663266613732376563623231313736303835316461
63386131333762613165326330626430333737323864666331613036313262303466313736656333
34303330623439346363393733336336656530613662386661666433306565386166643766333632
37623932313364346366323961343234336166393365643834323663303735316437366239303761
65306637356464636438383864353961366533333832343338656132313037663035343166656539
663035363537356566656666623033326161
