$ANSIBLE_VAULT;1.1;AES256
32646235313762663065363765326336373563343262306637353532306331666639366337323066
6664313836376334373463623538663835343739616536330a633035363461326632306132323630
38306136393636626563353332656363616666633765313666306137663530336332306237376462
3130636232313263360a643666376434323862613339663436643966656232393136373631336532
61323361376161393261373563333335316539343936396336393564333935656461626531316538
63373539313038396266323637656461383463633838373539643934613434396533393261366163
33353764313361616536656436633638363634646566623061363432333132303034613733356363
39643762313762306661663963616366323033343835313362663537653631383966616463623337
62393335373034383931666664306335653233336163626536643937656539363833373434343930
39376363353066366638366137636363323165653966633139626566643564323134653563373563
64373332653438613236633038356238356135323565613836303962333735366639343564616339
33643765653439636162643331626462393064613134373963346433343563643163623333343139
32373939333562316439373039643364386462393539333564306635323136376263643939356334
65366236316365643361386239373064646365643839346639633030343637653130343464383234
30326232663738356563366539616666353763616431643638376162383039343638386661383836
30663461333266353338646131343631303333356162613265333561333633663664646164396161
36666334333338373733306239353137353035633862396163656332323437383738323232653866
66633736363032386138336131303637633462626436326662326362373462613431343331646431
32646665623166396538623331306363316436333531336266323634666537303436333464663361
63333136633731343336666632303763386563393332613364303365366366383336326530326463
61386463633535656234326436633732333938356334653039333334326534353331343865633638
39633632373131366536636531333732633836306161346265663632346663653933656366333635
61666465633066356533633137326331393038373537356537613265343739666564393130306136
33646364353834316134
