$ANSIBLE_VAULT;1.1;AES256
34316634376233393135666237313661353935623034333161356262333631326634386466663164
6266626236326534363461343432346361633832316534380a333366313037373561356564613339
35313863366134363930346333373232366465613639333530666330653061626138303835656139
3338626538303462640a323861393237646434376662333533656336396164323337623039623764
61353234666432386364383761326630313565346364343536323232393231333564343361306264
66333235643639666164646661333031633939666266643463323131323530663535313132636632
31323934646232643934613766313661376638636263356234386237646431313939623563323637
66616537623862323062663866613663626131306164343461393164376335396366643166656131
34373232386137663566343062393161326666653863663762313738663032363236663738316663
36663462323136383939316337373461393232336136363734346630383335656132336637633637
323866383339336538663635396433393261
